[Version]
DisplayVersion=1.82.2.23257
PackageVersion=1.82.2.23257.0
