[Version]
PackageVersion=1.83.0.23277.0
DisplayVersion=1.83.0.23277
