[Version]
PackageVersion=1.83.0.23283.0
DisplayVersion=1.83.0.23283
