[Version]
PackageVersion=1.83.1.23285.0
DisplayVersion=1.83.1.23285
